/*--------------------------------*- C++ -*----------------------------------*\
  =========                 |
  \\      /  F ield         | OpenFOAM: The Open Source CFD Toolbox
   \\    /   O peration     | Website:  https://openfoam.org
    \\  /    A nd           | Version:  7
     \\/     M anipulation  |
\*---------------------------------------------------------------------------*/
FoamFile
{
    version     2.0;
    format      ascii;
    class       labelList;
    note        "nPoints: 12298 nCells: 6147 nFaces: 24589 nInternalFaces: 11746";
    location    "constant/polyMesh";
    object      neighbour;
}
// * * * * * * * * * * * * * * * * * * * * * * * * * * * * * * * * * * * * * //


11746
(
1
2
6146
3
4
5
5922
6
7
8
5698
9
10
11
5474
13
13
14
5250
16
16
17
5026
19
19
20
4802
22
22
23
4578
25
25
26
4354
27
28
4130
29
30
31
3906
32
33
34
3682
35
36
37
3458
39
39
40
3234
42
42
43
3010
45
45
46
2786
48
48
49
2562
50
51
2338
52
53
54
2114
55
56
57
1890
58
59
60
1666
61
62
63
1442
65
65
66
1218
68
68
69
994
71
71
72
770
74
74
75
76
77
770
78
79
769
80
81
768
82
83
767
84
85
766
86
87
765
88
89
764
90
91
763
92
93
762
95
95
97
761
97
99
760
99
101
759
101
103
758
103
105
757
105
106
756
107
108
755
109
110
754
111
112
753
113
114
752
115
116
751
117
118
750
119
120
749
121
122
748
123
124
747
125
126
746
128
128
130
745
130
132
744
132
134
743
134
136
742
136
138
741
138
139
740
140
141
739
142
143
738
144
145
737
146
147
736
149
149
151
735
151
153
734
153
154
733
155
156
732
157
158
731
159
160
730
161
162
729
163
164
728
165
166
727
167
168
726
169
170
725
172
172
174
724
174
176
723
176
178
722
178
180
721
180
181
720
182
183
719
184
185
718
186
187
717
189
189
191
716
191
193
715
193
195
714
195
196
713
197
198
712
199
200
711
201
202
710
203
204
709
205
206
708
207
208
707
209
210
706
211
212
705
213
214
704
216
216
218
703
218
220
702
220
222
701
222
223
700
224
225
699
226
227
698
228
229
697
231
231
233
696
233
235
695
235
236
694
237
238
693
239
240
692
241
242
691
243
244
690
245
246
689
247
248
688
249
250
687
251
252
686
253
254
685
256
256
258
684
258
260
683
260
262
682
262
264
681
264
266
680
266
267
679
268
269
678
270
271
677
272
273
676
274
275
675
277
277
279
674
279
281
673
281
283
672
283
284
671
285
286
670
287
288
669
289
290
668
292
292
294
667
294
295
666
296
297
665
298
299
664
300
301
663
303
303
305
662
305
306
661
307
308
660
309
310
659
311
312
658
314
314
316
657
316
317
656
318
319
655
320
321
654
322
323
653
325
325
327
652
327
328
651
329
330
650
331
332
649
333
334
648
335
336
647
338
338
340
646
340
342
645
342
344
644
344
345
643
346
347
642
348
349
641
350
351
640
353
353
355
639
355
357
638
357
358
637
359
360
636
361
362
635
363
364
634
365
366
633
368
368
370
632
370
372
631
372
374
630
374
376
629
376
378
628
378
380
627
380
382
626
382
384
625
384
386
624
386
388
623
388
390
622
390
391
621
392
393
620
394
395
619
396
397
618
398
399
617
400
401
616
402
403
615
404
405
614
406
407
613
408
409
612
410
411
611
412
413
418
415
416
419
607
417
608
418
609
610
420
421
606
422
423
605
424
425
604
426
428
428
429
603
430
431
432
433
602
434
435
436
437
601
439
439
441
600
441
443
599
443
445
598
445
447
597
447
449
596
449
451
595
451
453
594
453
455
593
455
457
592
457
459
591
459
461
590
461
463
589
463
465
588
465
467
587
467
469
586
469
471
585
471
473
584
473
475
583
475
476
582
477
478
581
479
480
580
481
482
579
483
484
578
485
486
577
487
488
576
489
490
575
491
492
574
493
494
573
495
496
572
497
498
571
499
500
570
501
502
569
503
504
568
505
506
567
507
508
566
509
510
565
511
512
564
513
514
563
516
516
518
562
518
520
561
520
522
560
522
524
559
524
526
558
526
528
557
528
530
556
530
532
555
532
534
554
534
536
553
536
538
552
538
540
551
540
542
550
542
544
549
544
546
548
546
547
548
771
549
772
550
773
551
774
552
775
553
776
554
777
555
778
556
779
557
780
558
781
559
782
560
783
561
784
562
785
563
786
564
787
565
788
566
789
567
790
568
791
569
792
570
793
571
794
572
795
573
796
574
797
575
798
576
799
577
800
578
801
579
802
580
803
581
804
582
805
583
806
584
807
585
808
586
809
587
810
588
811
589
812
590
813
591
814
592
815
593
816
594
817
595
818
596
819
597
820
598
821
599
822
600
823
601
824
602
825
603
826
604
827
605
828
606
829
607
830
608
831
609
832
610
833
611
834
612
835
613
836
614
837
615
838
616
839
617
840
618
841
619
842
620
843
621
844
622
845
623
846
624
847
625
848
626
849
627
850
628
851
629
852
630
853
631
854
632
855
633
856
634
857
635
858
636
859
637
860
638
861
639
862
640
863
641
864
642
865
643
866
644
867
645
868
646
869
647
870
648
871
649
872
650
873
651
874
652
875
653
876
654
877
655
878
656
879
657
880
658
881
659
882
660
883
661
884
662
885
663
886
664
887
665
888
666
889
667
890
668
891
669
892
670
893
671
894
672
895
673
896
674
897
675
898
676
899
677
900
678
901
679
902
680
903
681
904
682
905
683
906
684
907
685
908
686
909
687
910
688
911
689
912
690
913
691
914
692
915
693
916
694
917
695
918
696
919
697
920
698
921
699
922
700
923
701
924
702
925
703
926
704
927
705
928
706
929
707
930
708
931
709
932
710
933
711
934
712
935
713
936
714
937
715
938
716
939
717
940
718
941
719
942
720
943
721
944
722
945
723
946
724
947
725
948
726
949
727
950
728
951
729
952
730
953
731
954
732
955
733
956
734
957
735
958
736
959
737
960
738
961
739
962
740
963
741
964
742
965
743
966
744
967
745
968
746
969
747
970
748
971
749
972
750
973
751
974
752
975
753
976
754
977
755
978
756
979
757
980
758
981
759
982
760
983
761
984
762
985
763
986
764
987
765
988
766
989
767
990
768
991
769
992
770
993
994
772
995
773
996
774
997
775
998
776
999
777
1000
778
1001
779
1002
780
1003
781
1004
782
1005
783
1006
784
1007
785
1008
786
1009
787
1010
788
1011
789
1012
790
1013
791
1014
792
1015
793
1016
794
1017
795
1018
796
1019
797
1020
798
1021
799
1022
800
1023
801
1024
802
1025
803
1026
804
1027
805
1028
806
1029
807
1030
808
1031
809
1032
810
1033
811
1034
812
1035
813
1036
814
1037
815
1038
816
1039
817
1040
818
1041
819
1042
820
1043
821
1044
822
1045
823
1046
824
1047
825
1048
826
1049
827
1050
828
1051
829
1052
830
1053
831
1054
832
1055
833
1056
834
1057
835
1058
836
1059
837
1060
838
1061
839
1062
840
1063
841
1064
842
1065
843
1066
844
1067
845
1068
846
1069
847
1070
848
1071
849
1072
850
1073
851
1074
852
1075
853
1076
854
1077
855
1078
856
1079
857
1080
858
1081
859
1082
860
1083
861
1084
862
1085
863
1086
864
1087
865
1088
866
1089
867
1090
868
1091
869
1092
870
1093
871
1094
872
1095
873
1096
874
1097
875
1098
876
1099
877
1100
878
1101
879
1102
880
1103
881
1104
882
1105
883
1106
884
1107
885
1108
886
1109
887
1110
888
1111
889
1112
890
1113
891
1114
892
1115
893
1116
894
1117
895
1118
896
1119
897
1120
898
1121
899
1122
900
1123
901
1124
902
1125
903
1126
904
1127
905
1128
906
1129
907
1130
908
1131
909
1132
910
1133
911
1134
912
1135
913
1136
914
1137
915
1138
916
1139
917
1140
918
1141
919
1142
920
1143
921
1144
922
1145
923
1146
924
1147
925
1148
926
1149
927
1150
928
1151
929
1152
930
1153
931
1154
932
1155
933
1156
934
1157
935
1158
936
1159
937
1160
938
1161
939
1162
940
1163
941
1164
942
1165
943
1166
944
1167
945
1168
946
1169
947
1170
948
1171
949
1172
950
1173
951
1174
952
1175
953
1176
954
1177
955
1178
956
1179
957
1180
958
1181
959
1182
960
1183
961
1184
962
1185
963
1186
964
1187
965
1188
966
1189
967
1190
968
1191
969
1192
970
1193
971
1194
972
1195
973
1196
974
1197
975
1198
976
1199
977
1200
978
1201
979
1202
980
1203
981
1204
982
1205
983
1206
984
1207
985
1208
986
1209
987
1210
988
1211
989
1212
990
1213
991
1214
992
1215
993
1216
994
1217
1218
996
1219
997
1220
998
1221
999
1222
1000
1223
1001
1224
1002
1225
1003
1226
1004
1227
1005
1228
1006
1229
1007
1230
1008
1231
1009
1232
1010
1233
1011
1234
1012
1235
1013
1236
1014
1237
1015
1238
1016
1239
1017
1240
1018
1241
1019
1242
1020
1243
1021
1244
1022
1245
1023
1246
1024
1247
1025
1248
1026
1249
1027
1250
1028
1251
1029
1252
1030
1253
1031
1254
1032
1255
1033
1256
1034
1257
1035
1258
1036
1259
1037
1260
1038
1261
1039
1262
1040
1263
1041
1264
1042
1265
1043
1266
1044
1267
1045
1268
1046
1269
1047
1270
1048
1271
1049
1272
1050
1273
1051
1274
1052
1275
1053
1276
1054
1277
1055
1278
1056
1279
1057
1280
1058
1281
1059
1282
1060
1283
1061
1284
1062
1285
1063
1286
1064
1287
1065
1288
1066
1289
1067
1290
1068
1291
1069
1292
1070
1293
1071
1294
1072
1295
1073
1296
1074
1297
1075
1298
1076
1299
1077
1300
1078
1301
1079
1302
1080
1303
1081
1304
1082
1305
1083
1306
1084
1307
1085
1308
1086
1309
1087
1310
1088
1311
1089
1312
1090
1313
1091
1314
1092
1315
1093
1316
1094
1317
1095
1318
1096
1319
1097
1320
1098
1321
1099
1322
1100
1323
1101
1324
1102
1325
1103
1326
1104
1327
1105
1328
1106
1329
1107
1330
1108
1331
1109
1332
1110
1333
1111
1334
1112
1335
1113
1336
1114
1337
1115
1338
1116
1339
1117
1340
1118
1341
1119
1342
1120
1343
1121
1344
1122
1345
1123
1346
1124
1347
1125
1348
1126
1349
1127
1350
1128
1351
1129
1352
1130
1353
1131
1354
1132
1355
1133
1356
1134
1357
1135
1358
1136
1359
1137
1360
1138
1361
1139
1362
1140
1363
1141
1364
1142
1365
1143
1366
1144
1367
1145
1368
1146
1369
1147
1370
1148
1371
1149
1372
1150
1373
1151
1374
1152
1375
1153
1376
1154
1377
1155
1378
1156
1379
1157
1380
1158
1381
1159
1382
1160
1383
1161
1384
1162
1385
1163
1386
1164
1387
1165
1388
1166
1389
1167
1390
1168
1391
1169
1392
1170
1393
1171
1394
1172
1395
1173
1396
1174
1397
1175
1398
1176
1399
1177
1400
1178
1401
1179
1402
1180
1403
1181
1404
1182
1405
1183
1406
1184
1407
1185
1408
1186
1409
1187
1410
1188
1411
1189
1412
1190
1413
1191
1414
1192
1415
1193
1416
1194
1417
1195
1418
1196
1419
1197
1420
1198
1421
1199
1422
1200
1423
1201
1424
1202
1425
1203
1426
1204
1427
1205
1428
1206
1429
1207
1430
1208
1431
1209
1432
1210
1433
1211
1434
1212
1435
1213
1436
1214
1437
1215
1438
1216
1439
1217
1440
1218
1441
1442
1220
1443
1221
1444
1222
1445
1223
1446
1224
1447
1225
1448
1226
1449
1227
1450
1228
1451
1229
1452
1230
1453
1231
1454
1232
1455
1233
1456
1234
1457
1235
1458
1236
1459
1237
1460
1238
1461
1239
1462
1240
1463
1241
1464
1242
1465
1243
1466
1244
1467
1245
1468
1246
1469
1247
1470
1248
1471
1249
1472
1250
1473
1251
1474
1252
1475
1253
1476
1254
1477
1255
1478
1256
1479
1257
1480
1258
1481
1259
1482
1260
1483
1261
1484
1262
1485
1263
1486
1264
1487
1265
1488
1266
1489
1267
1490
1268
1491
1269
1492
1270
1493
1271
1494
1272
1495
1273
1496
1274
1497
1275
1498
1276
1499
1277
1500
1278
1501
1279
1502
1280
1503
1281
1504
1282
1505
1283
1506
1284
1507
1285
1508
1286
1509
1287
1510
1288
1511
1289
1512
1290
1513
1291
1514
1292
1515
1293
1516
1294
1517
1295
1518
1296
1519
1297
1520
1298
1521
1299
1522
1300
1523
1301
1524
1302
1525
1303
1526
1304
1527
1305
1528
1306
1529
1307
1530
1308
1531
1309
1532
1310
1533
1311
1534
1312
1535
1313
1536
1314
1537
1315
1538
1316
1539
1317
1540
1318
1541
1319
1542
1320
1543
1321
1544
1322
1545
1323
1546
1324
1547
1325
1548
1326
1549
1327
1550
1328
1551
1329
1552
1330
1553
1331
1554
1332
1555
1333
1556
1334
1557
1335
1558
1336
1559
1337
1560
1338
1561
1339
1562
1340
1563
1341
1564
1342
1565
1343
1566
1344
1567
1345
1568
1346
1569
1347
1570
1348
1571
1349
1572
1350
1573
1351
1574
1352
1575
1353
1576
1354
1577
1355
1578
1356
1579
1357
1580
1358
1581
1359
1582
1360
1583
1361
1584
1362
1585
1363
1586
1364
1587
1365
1588
1366
1589
1367
1590
1368
1591
1369
1592
1370
1593
1371
1594
1372
1595
1373
1596
1374
1597
1375
1598
1376
1599
1377
1600
1378
1601
1379
1602
1380
1603
1381
1604
1382
1605
1383
1606
1384
1607
1385
1608
1386
1609
1387
1610
1388
1611
1389
1612
1390
1613
1391
1614
1392
1615
1393
1616
1394
1617
1395
1618
1396
1619
1397
1620
1398
1621
1399
1622
1400
1623
1401
1624
1402
1625
1403
1626
1404
1627
1405
1628
1406
1629
1407
1630
1408
1631
1409
1632
1410
1633
1411
1634
1412
1635
1413
1636
1414
1637
1415
1638
1416
1639
1417
1640
1418
1641
1419
1642
1420
1643
1421
1644
1422
1645
1423
1646
1424
1647
1425
1648
1426
1649
1427
1650
1428
1651
1429
1652
1430
1653
1431
1654
1432
1655
1433
1656
1434
1657
1435
1658
1436
1659
1437
1660
1438
1661
1439
1662
1440
1663
1441
1664
1442
1665
1666
1444
1667
1445
1668
1446
1669
1447
1670
1448
1671
1449
1672
1450
1673
1451
1674
1452
1675
1453
1676
1454
1677
1455
1678
1456
1679
1457
1680
1458
1681
1459
1682
1460
1683
1461
1684
1462
1685
1463
1686
1464
1687
1465
1688
1466
1689
1467
1690
1468
1691
1469
1692
1470
1693
1471
1694
1472
1695
1473
1696
1474
1697
1475
1698
1476
1699
1477
1700
1478
1701
1479
1702
1480
1703
1481
1704
1482
1705
1483
1706
1484
1707
1485
1708
1486
1709
1487
1710
1488
1711
1489
1712
1490
1713
1491
1714
1492
1715
1493
1716
1494
1717
1495
1718
1496
1719
1497
1720
1498
1721
1499
1722
1500
1723
1501
1724
1502
1725
1503
1726
1504
1727
1505
1728
1506
1729
1507
1730
1508
1731
1509
1732
1510
1733
1511
1734
1512
1735
1513
1736
1514
1737
1515
1738
1516
1739
1517
1740
1518
1741
1519
1742
1520
1743
1521
1744
1522
1745
1523
1746
1524
1747
1525
1748
1526
1749
1527
1750
1528
1751
1529
1752
1530
1753
1531
1754
1532
1755
1533
1756
1534
1757
1535
1758
1536
1759
1537
1760
1538
1761
1539
1762
1540
1763
1541
1764
1542
1765
1543
1766
1544
1767
1545
1768
1546
1769
1547
1770
1548
1771
1549
1772
1550
1773
1551
1774
1552
1775
1553
1776
1554
1777
1555
1778
1556
1779
1557
1780
1558
1781
1559
1782
1560
1783
1561
1784
1562
1785
1563
1786
1564
1787
1565
1788
1566
1789
1567
1790
1568
1791
1569
1792
1570
1793
1571
1794
1572
1795
1573
1796
1574
1797
1575
1798
1576
1799
1577
1800
1578
1801
1579
1802
1580
1803
1581
1804
1582
1805
1583
1806
1584
1807
1585
1808
1586
1809
1587
1810
1588
1811
1589
1812
1590
1813
1591
1814
1592
1815
1593
1816
1594
1817
1595
1818
1596
1819
1597
1820
1598
1821
1599
1822
1600
1823
1601
1824
1602
1825
1603
1826
1604
1827
1605
1828
1606
1829
1607
1830
1608
1831
1609
1832
1610
1833
1611
1834
1612
1835
1613
1836
1614
1837
1615
1838
1616
1839
1617
1840
1618
1841
1619
1842
1620
1843
1621
1844
1622
1845
1623
1846
1624
1847
1625
1848
1626
1849
1627
1850
1628
1851
1629
1852
1630
1853
1631
1854
1632
1855
1633
1856
1634
1857
1635
1858
1636
1859
1637
1860
1638
1861
1639
1862
1640
1863
1641
1864
1642
1865
1643
1866
1644
1867
1645
1868
1646
1869
1647
1870
1648
1871
1649
1872
1650
1873
1651
1874
1652
1875
1653
1876
1654
1877
1655
1878
1656
1879
1657
1880
1658
1881
1659
1882
1660
1883
1661
1884
1662
1885
1663
1886
1664
1887
1665
1888
1666
1889
1890
1668
1891
1669
1892
1670
1893
1671
1894
1672
1895
1673
1896
1674
1897
1675
1898
1676
1899
1677
1900
1678
1901
1679
1902
1680
1903
1681
1904
1682
1905
1683
1906
1684
1907
1685
1908
1686
1909
1687
1910
1688
1911
1689
1912
1690
1913
1691
1914
1692
1915
1693
1916
1694
1917
1695
1918
1696
1919
1697
1920
1698
1921
1699
1922
1700
1923
1701
1924
1702
1925
1703
1926
1704
1927
1705
1928
1706
1929
1707
1930
1708
1931
1709
1932
1710
1933
1711
1934
1712
1935
1713
1936
1714
1937
1715
1938
1716
1939
1717
1940
1718
1941
1719
1942
1720
1943
1721
1944
1722
1945
1723
1946
1724
1947
1725
1948
1726
1949
1727
1950
1728
1951
1729
1952
1730
1953
1731
1954
1732
1955
1733
1956
1734
1957
1735
1958
1736
1959
1737
1960
1738
1961
1739
1962
1740
1963
1741
1964
1742
1965
1743
1966
1744
1967
1745
1968
1746
1969
1747
1970
1748
1971
1749
1972
1750
1973
1751
1974
1752
1975
1753
1976
1754
1977
1755
1978
1756
1979
1757
1980
1758
1981
1759
1982
1760
1983
1761
1984
1762
1985
1763
1986
1764
1987
1765
1988
1766
1989
1767
1990
1768
1991
1769
1992
1770
1993
1771
1994
1772
1995
1773
1996
1774
1997
1775
1998
1776
1999
1777
2000
1778
2001
1779
2002
1780
2003
1781
2004
1782
2005
1783
2006
1784
2007
1785
2008
1786
2009
1787
2010
1788
2011
1789
2012
1790
2013
1791
2014
1792
2015
1793
2016
1794
2017
1795
2018
1796
2019
1797
2020
1798
2021
1799
2022
1800
2023
1801
2024
1802
2025
1803
2026
1804
2027
1805
2028
1806
2029
1807
2030
1808
2031
1809
2032
1810
2033
1811
2034
1812
2035
1813
2036
1814
2037
1815
2038
1816
2039
1817
2040
1818
2041
1819
2042
1820
2043
1821
2044
1822
2045
1823
2046
1824
2047
1825
2048
1826
2049
1827
2050
1828
2051
1829
2052
1830
2053
1831
2054
1832
2055
1833
2056
1834
2057
1835
2058
1836
2059
1837
2060
1838
2061
1839
2062
1840
2063
1841
2064
1842
2065
1843
2066
1844
2067
1845
2068
1846
2069
1847
2070
1848
2071
1849
2072
1850
2073
1851
2074
1852
2075
1853
2076
1854
2077
1855
2078
1856
2079
1857
2080
1858
2081
1859
2082
1860
2083
1861
2084
1862
2085
1863
2086
1864
2087
1865
2088
1866
2089
1867
2090
1868
2091
1869
2092
1870
2093
1871
2094
1872
2095
1873
2096
1874
2097
1875
2098
1876
2099
1877
2100
1878
2101
1879
2102
1880
2103
1881
2104
1882
2105
1883
2106
1884
2107
1885
2108
1886
2109
1887
2110
1888
2111
1889
2112
1890
2113
2114
1892
2115
1893
2116
1894
2117
1895
2118
1896
2119
1897
2120
1898
2121
1899
2122
1900
2123
1901
2124
1902
2125
1903
2126
1904
2127
1905
2128
1906
2129
1907
2130
1908
2131
1909
2132
1910
2133
1911
2134
1912
2135
1913
2136
1914
2137
1915
2138
1916
2139
1917
2140
1918
2141
1919
2142
1920
2143
1921
2144
1922
2145
1923
2146
1924
2147
1925
2148
1926
2149
1927
2150
1928
2151
1929
2152
1930
2153
1931
2154
1932
2155
1933
2156
1934
2157
1935
2158
1936
2159
1937
2160
1938
2161
1939
2162
1940
2163
1941
2164
1942
2165
1943
2166
1944
2167
1945
2168
1946
2169
1947
2170
1948
2171
1949
2172
1950
2173
1951
2174
1952
2175
1953
2176
1954
2177
1955
2178
1956
2179
1957
2180
1958
2181
1959
2182
1960
2183
1961
2184
1962
2185
1963
2186
1964
2187
1965
2188
1966
2189
1967
2190
1968
2191
1969
2192
1970
2193
1971
2194
1972
2195
1973
2196
1974
2197
1975
2198
1976
2199
1977
2200
1978
2201
1979
2202
1980
2203
1981
2204
1982
2205
1983
2206
1984
2207
1985
2208
1986
2209
1987
2210
1988
2211
1989
2212
1990
2213
1991
2214
1992
2215
1993
2216
1994
2217
1995
2218
1996
2219
1997
2220
1998
2221
1999
2222
2000
2223
2001
2224
2002
2225
2003
2226
2004
2227
2005
2228
2006
2229
2007
2230
2008
2231
2009
2232
2010
2233
2011
2234
2012
2235
2013
2236
2014
2237
2015
2238
2016
2239
2017
2240
2018
2241
2019
2242
2020
2243
2021
2244
2022
2245
2023
2246
2024
2247
2025
2248
2026
2249
2027
2250
2028
2251
2029
2252
2030
2253
2031
2254
2032
2255
2033
2256
2034
2257
2035
2258
2036
2259
2037
2260
2038
2261
2039
2262
2040
2263
2041
2264
2042
2265
2043
2266
2044
2267
2045
2268
2046
2269
2047
2270
2048
2271
2049
2272
2050
2273
2051
2274
2052
2275
2053
2276
2054
2277
2055
2278
2056
2279
2057
2280
2058
2281
2059
2282
2060
2283
2061
2284
2062
2285
2063
2286
2064
2287
2065
2288
2066
2289
2067
2290
2068
2291
2069
2292
2070
2293
2071
2294
2072
2295
2073
2296
2074
2297
2075
2298
2076
2299
2077
2300
2078
2301
2079
2302
2080
2303
2081
2304
2082
2305
2083
2306
2084
2307
2085
2308
2086
2309
2087
2310
2088
2311
2089
2312
2090
2313
2091
2314
2092
2315
2093
2316
2094
2317
2095
2318
2096
2319
2097
2320
2098
2321
2099
2322
2100
2323
2101
2324
2102
2325
2103
2326
2104
2327
2105
2328
2106
2329
2107
2330
2108
2331
2109
2332
2110
2333
2111
2334
2112
2335
2113
2336
2114
2337
2338
2116
2339
2117
2340
2118
2341
2119
2342
2120
2343
2121
2344
2122
2345
2123
2346
2124
2347
2125
2348
2126
2349
2127
2350
2128
2351
2129
2352
2130
2353
2131
2354
2132
2355
2133
2356
2134
2357
2135
2358
2136
2359
2137
2360
2138
2361
2139
2362
2140
2363
2141
2364
2142
2365
2143
2366
2144
2367
2145
2368
2146
2369
2147
2370
2148
2371
2149
2372
2150
2373
2151
2374
2152
2375
2153
2376
2154
2377
2155
2378
2156
2379
2157
2380
2158
2381
2159
2382
2160
2383
2161
2384
2162
2385
2163
2386
2164
2387
2165
2388
2166
2389
2167
2390
2168
2391
2169
2392
2170
2393
2171
2394
2172
2395
2173
2396
2174
2397
2175
2398
2176
2399
2177
2400
2178
2401
2179
2402
2180
2403
2181
2404
2182
2405
2183
2406
2184
2407
2185
2408
2186
2409
2187
2410
2188
2411
2189
2412
2190
2413
2191
2414
2192
2415
2193
2416
2194
2417
2195
2418
2196
2419
2197
2420
2198
2421
2199
2422
2200
2423
2201
2424
2202
2425
2203
2426
2204
2427
2205
2428
2206
2429
2207
2430
2208
2431
2209
2432
2210
2433
2211
2434
2212
2435
2213
2436
2214
2437
2215
2438
2216
2439
2217
2440
2218
2441
2219
2442
2220
2443
2221
2444
2222
2445
2223
2446
2224
2447
2225
2448
2226
2449
2227
2450
2228
2451
2229
2452
2230
2453
2231
2454
2232
2455
2233
2456
2234
2457
2235
2458
2236
2459
2237
2460
2238
2461
2239
2462
2240
2463
2241
2464
2242
2465
2243
2466
2244
2467
2245
2468
2246
2469
2247
2470
2248
2471
2249
2472
2250
2473
2251
2474
2252
2475
2253
2476
2254
2477
2255
2478
2256
2479
2257
2480
2258
2481
2259
2482
2260
2483
2261
2484
2262
2485
2263
2486
2264
2487
2265
2488
2266
2489
2267
2490
2268
2491
2269
2492
2270
2493
2271
2494
2272
2495
2273
2496
2274
2497
2275
2498
2276
2499
2277
2500
2278
2501
2279
2502
2280
2503
2281
2504
2282
2505
2283
2506
2284
2507
2285
2508
2286
2509
2287
2510
2288
2511
2289
2512
2290
2513
2291
2514
2292
2515
2293
2516
2294
2517
2295
2518
2296
2519
2297
2520
2298
2521
2299
2522
2300
2523
2301
2524
2302
2525
2303
2526
2304
2527
2305
2528
2306
2529
2307
2530
2308
2531
2309
2532
2310
2533
2311
2534
2312
2535
2313
2536
2314
2537
2315
2538
2316
2539
2317
2540
2318
2541
2319
2542
2320
2543
2321
2544
2322
2545
2323
2546
2324
2547
2325
2548
2326
2549
2327
2550
2328
2551
2329
2552
2330
2553
2331
2554
2332
2555
2333
2556
2334
2557
2335
2558
2336
2559
2337
2560
2338
2561
2562
2340
2563
2341
2564
2342
2565
2343
2566
2344
2567
2345
2568
2346
2569
2347
2570
2348
2571
2349
2572
2350
2573
2351
2574
2352
2575
2353
2576
2354
2577
2355
2578
2356
2579
2357
2580
2358
2581
2359
2582
2360
2583
2361
2584
2362
2585
2363
2586
2364
2587
2365
2588
2366
2589
2367
2590
2368
2591
2369
2592
2370
2593
2371
2594
2372
2595
2373
2596
2374
2597
2375
2598
2376
2599
2377
2600
2378
2601
2379
2602
2380
2603
2381
2604
2382
2605
2383
2606
2384
2607
2385
2608
2386
2609
2387
2610
2388
2611
2389
2612
2390
2613
2391
2614
2392
2615
2393
2616
2394
2617
2395
2618
2396
2619
2397
2620
2398
2621
2399
2622
2400
2623
2401
2624
2402
2625
2403
2626
2404
2627
2405
2628
2406
2629
2407
2630
2408
2631
2409
2632
2410
2633
2411
2634
2412
2635
2413
2636
2414
2637
2415
2638
2416
2639
2417
2640
2418
2641
2419
2642
2420
2643
2421
2644
2422
2645
2423
2646
2424
2647
2425
2648
2426
2649
2427
2650
2428
2651
2429
2652
2430
2653
2431
2654
2432
2655
2433
2656
2434
2657
2435
2658
2436
2659
2437
2660
2438
2661
2439
2662
2440
2663
2441
2664
2442
2665
2443
2666
2444
2667
2445
2668
2446
2669
2447
2670
2448
2671
2449
2672
2450
2673
2451
2674
2452
2675
2453
2676
2454
2677
2455
2678
2456
2679
2457
2680
2458
2681
2459
2682
2460
2683
2461
2684
2462
2685
2463
2686
2464
2687
2465
2688
2466
2689
2467
2690
2468
2691
2469
2692
2470
2693
2471
2694
2472
2695
2473
2696
2474
2697
2475
2698
2476
2699
2477
2700
2478
2701
2479
2702
2480
2703
2481
2704
2482
2705
2483
2706
2484
2707
2485
2708
2486
2709
2487
2710
2488
2711
2489
2712
2490
2713
2491
2714
2492
2715
2493
2716
2494
2717
2495
2718
2496
2719
2497
2720
2498
2721
2499
2722
2500
2723
2501
2724
2502
2725
2503
2726
2504
2727
2505
2728
2506
2729
2507
2730
2508
2731
2509
2732
2510
2733
2511
2734
2512
2735
2513
2736
2514
2737
2515
2738
2516
2739
2517
2740
2518
2741
2519
2742
2520
2743
2521
2744
2522
2745
2523
2746
2524
2747
2525
2748
2526
2749
2527
2750
2528
2751
2529
2752
2530
2753
2531
2754
2532
2755
2533
2756
2534
2757
2535
2758
2536
2759
2537
2760
2538
2761
2539
2762
2540
2763
2541
2764
2542
2765
2543
2766
2544
2767
2545
2768
2546
2769
2547
2770
2548
2771
2549
2772
2550
2773
2551
2774
2552
2775
2553
2776
2554
2777
2555
2778
2556
2779
2557
2780
2558
2781
2559
2782
2560
2783
2561
2784
2562
2785
2786
2564
2787
2565
2788
2566
2789
2567
2790
2568
2791
2569
2792
2570
2793
2571
2794
2572
2795
2573
2796
2574
2797
2575
2798
2576
2799
2577
2800
2578
2801
2579
2802
2580
2803
2581
2804
2582
2805
2583
2806
2584
2807
2585
2808
2586
2809
2587
2810
2588
2811
2589
2812
2590
2813
2591
2814
2592
2815
2593
2816
2594
2817
2595
2818
2596
2819
2597
2820
2598
2821
2599
2822
2600
2823
2601
2824
2602
2825
2603
2826
2604
2827
2605
2828
2606
2829
2607
2830
2608
2831
2609
2832
2610
2833
2611
2834
2612
2835
2613
2836
2614
2837
2615
2838
2616
2839
2617
2840
2618
2841
2619
2842
2620
2843
2621
2844
2622
2845
2623
2846
2624
2847
2625
2848
2626
2849
2627
2850
2628
2851
2629
2852
2630
2853
2631
2854
2632
2855
2633
2856
2634
2857
2635
2858
2636
2859
2637
2860
2638
2861
2639
2862
2640
2863
2641
2864
2642
2865
2643
2866
2644
2867
2645
2868
2646
2869
2647
2870
2648
2871
2649
2872
2650
2873
2651
2874
2652
2875
2653
2876
2654
2877
2655
2878
2656
2879
2657
2880
2658
2881
2659
2882
2660
2883
2661
2884
2662
2885
2663
2886
2664
2887
2665
2888
2666
2889
2667
2890
2668
2891
2669
2892
2670
2893
2671
2894
2672
2895
2673
2896
2674
2897
2675
2898
2676
2899
2677
2900
2678
2901
2679
2902
2680
2903
2681
2904
2682
2905
2683
2906
2684
2907
2685
2908
2686
2909
2687
2910
2688
2911
2689
2912
2690
2913
2691
2914
2692
2915
2693
2916
2694
2917
2695
2918
2696
2919
2697
2920
2698
2921
2699
2922
2700
2923
2701
2924
2702
2925
2703
2926
2704
2927
2705
2928
2706
2929
2707
2930
2708
2931
2709
2932
2710
2933
2711
2934
2712
2935
2713
2936
2714
2937
2715
2938
2716
2939
2717
2940
2718
2941
2719
2942
2720
2943
2721
2944
2722
2945
2723
2946
2724
2947
2725
2948
2726
2949
2727
2950
2728
2951
2729
2952
2730
2953
2731
2954
2732
2955
2733
2956
2734
2957
2735
2958
2736
2959
2737
2960
2738
2961
2739
2962
2740
2963
2741
2964
2742
2965
2743
2966
2744
2967
2745
2968
2746
2969
2747
2970
2748
2971
2749
2972
2750
2973
2751
2974
2752
2975
2753
2976
2754
2977
2755
2978
2756
2979
2757
2980
2758
2981
2759
2982
2760
2983
2761
2984
2762
2985
2763
2986
2764
2987
2765
2988
2766
2989
2767
2990
2768
2991
2769
2992
2770
2993
2771
2994
2772
2995
2773
2996
2774
2997
2775
2998
2776
2999
2777
3000
2778
3001
2779
3002
2780
3003
2781
3004
2782
3005
2783
3006
2784
3007
2785
3008
2786
3009
3010
2788
3011
2789
3012
2790
3013
2791
3014
2792
3015
2793
3016
2794
3017
2795
3018
2796
3019
2797
3020
2798
3021
2799
3022
2800
3023
2801
3024
2802
3025
2803
3026
2804
3027
2805
3028
2806
3029
2807
3030
2808
3031
2809
3032
2810
3033
2811
3034
2812
3035
2813
3036
2814
3037
2815
3038
2816
3039
2817
3040
2818
3041
2819
3042
2820
3043
2821
3044
2822
3045
2823
3046
2824
3047
2825
3048
2826
3049
2827
3050
2828
3051
2829
3052
2830
3053
2831
3054
2832
3055
2833
3056
2834
3057
2835
3058
2836
3059
2837
3060
2838
3061
2839
3062
2840
3063
2841
3064
2842
3065
2843
3066
2844
3067
2845
3068
2846
3069
2847
3070
2848
3071
2849
3072
2850
3073
2851
3074
2852
3075
2853
3076
2854
3077
2855
3078
2856
3079
2857
3080
2858
3081
2859
3082
2860
3083
2861
3084
2862
3085
2863
3086
2864
3087
2865
3088
2866
3089
2867
3090
2868
3091
2869
3092
2870
3093
2871
3094
2872
3095
2873
3096
2874
3097
2875
3098
2876
3099
2877
3100
2878
3101
2879
3102
2880
3103
2881
3104
2882
3105
2883
3106
2884
3107
2885
3108
2886
3109
2887
3110
2888
3111
2889
3112
2890
3113
2891
3114
2892
3115
2893
3116
2894
3117
2895
3118
2896
3119
2897
3120
2898
3121
2899
3122
2900
3123
2901
3124
2902
3125
2903
3126
2904
3127
2905
3128
2906
3129
2907
3130
2908
3131
2909
3132
2910
3133
2911
3134
2912
3135
2913
3136
2914
3137
2915
3138
2916
3139
2917
3140
2918
3141
2919
3142
2920
3143
2921
3144
2922
3145
2923
3146
2924
3147
2925
3148
2926
3149
2927
3150
2928
3151
2929
3152
2930
3153
2931
3154
2932
3155
2933
3156
2934
3157
2935
3158
2936
3159
2937
3160
2938
3161
2939
3162
2940
3163
2941
3164
2942
3165
2943
3166
2944
3167
2945
3168
2946
3169
2947
3170
2948
3171
2949
3172
2950
3173
2951
3174
2952
3175
2953
3176
2954
3177
2955
3178
2956
3179
2957
3180
2958
3181
2959
3182
2960
3183
2961
3184
2962
3185
2963
3186
2964
3187
2965
3188
2966
3189
2967
3190
2968
3191
2969
3192
2970
3193
2971
3194
2972
3195
2973
3196
2974
3197
2975
3198
2976
3199
2977
3200
2978
3201
2979
3202
2980
3203
2981
3204
2982
3205
2983
3206
2984
3207
2985
3208
2986
3209
2987
3210
2988
3211
2989
3212
2990
3213
2991
3214
2992
3215
2993
3216
2994
3217
2995
3218
2996
3219
2997
3220
2998
3221
2999
3222
3000
3223
3001
3224
3002
3225
3003
3226
3004
3227
3005
3228
3006
3229
3007
3230
3008
3231
3009
3232
3010
3233
3234
3012
3235
3013
3236
3014
3237
3015
3238
3016
3239
3017
3240
3018
3241
3019
3242
3020
3243
3021
3244
3022
3245
3023
3246
3024
3247
3025
3248
3026
3249
3027
3250
3028
3251
3029
3252
3030
3253
3031
3254
3032
3255
3033
3256
3034
3257
3035
3258
3036
3259
3037
3260
3038
3261
3039
3262
3040
3263
3041
3264
3042
3265
3043
3266
3044
3267
3045
3268
3046
3269
3047
3270
3048
3271
3049
3272
3050
3273
3051
3274
3052
3275
3053
3276
3054
3277
3055
3278
3056
3279
3057
3280
3058
3281
3059
3282
3060
3283
3061
3284
3062
3285
3063
3286
3064
3287
3065
3288
3066
3289
3067
3290
3068
3291
3069
3292
3070
3293
3071
3294
3072
3295
3073
3296
3074
3297
3075
3298
3076
3299
3077
3300
3078
3301
3079
3302
3080
3303
3081
3304
3082
3305
3083
3306
3084
3307
3085
3308
3086
3309
3087
3310
3088
3311
3089
3312
3090
3313
3091
3314
3092
3315
3093
3316
3094
3317
3095
3318
3096
3319
3097
3320
3098
3321
3099
3322
3100
3323
3101
3324
3102
3325
3103
3326
3104
3327
3105
3328
3106
3329
3107
3330
3108
3331
3109
3332
3110
3333
3111
3334
3112
3335
3113
3336
3114
3337
3115
3338
3116
3339
3117
3340
3118
3341
3119
3342
3120
3343
3121
3344
3122
3345
3123
3346
3124
3347
3125
3348
3126
3349
3127
3350
3128
3351
3129
3352
3130
3353
3131
3354
3132
3355
3133
3356
3134
3357
3135
3358
3136
3359
3137
3360
3138
3361
3139
3362
3140
3363
3141
3364
3142
3365
3143
3366
3144
3367
3145
3368
3146
3369
3147
3370
3148
3371
3149
3372
3150
3373
3151
3374
3152
3375
3153
3376
3154
3377
3155
3378
3156
3379
3157
3380
3158
3381
3159
3382
3160
3383
3161
3384
3162
3385
3163
3386
3164
3387
3165
3388
3166
3389
3167
3390
3168
3391
3169
3392
3170
3393
3171
3394
3172
3395
3173
3396
3174
3397
3175
3398
3176
3399
3177
3400
3178
3401
3179
3402
3180
3403
3181
3404
3182
3405
3183
3406
3184
3407
3185
3408
3186
3409
3187
3410
3188
3411
3189
3412
3190
3413
3191
3414
3192
3415
3193
3416
3194
3417
3195
3418
3196
3419
3197
3420
3198
3421
3199
3422
3200
3423
3201
3424
3202
3425
3203
3426
3204
3427
3205
3428
3206
3429
3207
3430
3208
3431
3209
3432
3210
3433
3211
3434
3212
3435
3213
3436
3214
3437
3215
3438
3216
3439
3217
3440
3218
3441
3219
3442
3220
3443
3221
3444
3222
3445
3223
3446
3224
3447
3225
3448
3226
3449
3227
3450
3228
3451
3229
3452
3230
3453
3231
3454
3232
3455
3233
3456
3234
3457
3458
3236
3459
3237
3460
3238
3461
3239
3462
3240
3463
3241
3464
3242
3465
3243
3466
3244
3467
3245
3468
3246
3469
3247
3470
3248
3471
3249
3472
3250
3473
3251
3474
3252
3475
3253
3476
3254
3477
3255
3478
3256
3479
3257
3480
3258
3481
3259
3482
3260
3483
3261
3484
3262
3485
3263
3486
3264
3487
3265
3488
3266
3489
3267
3490
3268
3491
3269
3492
3270
3493
3271
3494
3272
3495
3273
3496
3274
3497
3275
3498
3276
3499
3277
3500
3278
3501
3279
3502
3280
3503
3281
3504
3282
3505
3283
3506
3284
3507
3285
3508
3286
3509
3287
3510
3288
3511
3289
3512
3290
3513
3291
3514
3292
3515
3293
3516
3294
3517
3295
3518
3296
3519
3297
3520
3298
3521
3299
3522
3300
3523
3301
3524
3302
3525
3303
3526
3304
3527
3305
3528
3306
3529
3307
3530
3308
3531
3309
3532
3310
3533
3311
3534
3312
3535
3313
3536
3314
3537
3315
3538
3316
3539
3317
3540
3318
3541
3319
3542
3320
3543
3321
3544
3322
3545
3323
3546
3324
3547
3325
3548
3326
3549
3327
3550
3328
3551
3329
3552
3330
3553
3331
3554
3332
3555
3333
3556
3334
3557
3335
3558
3336
3559
3337
3560
3338
3561
3339
3562
3340
3563
3341
3564
3342
3565
3343
3566
3344
3567
3345
3568
3346
3569
3347
3570
3348
3571
3349
3572
3350
3573
3351
3574
3352
3575
3353
3576
3354
3577
3355
3578
3356
3579
3357
3580
3358
3581
3359
3582
3360
3583
3361
3584
3362
3585
3363
3586
3364
3587
3365
3588
3366
3589
3367
3590
3368
3591
3369
3592
3370
3593
3371
3594
3372
3595
3373
3596
3374
3597
3375
3598
3376
3599
3377
3600
3378
3601
3379
3602
3380
3603
3381
3604
3382
3605
3383
3606
3384
3607
3385
3608
3386
3609
3387
3610
3388
3611
3389
3612
3390
3613
3391
3614
3392
3615
3393
3616
3394
3617
3395
3618
3396
3619
3397
3620
3398
3621
3399
3622
3400
3623
3401
3624
3402
3625
3403
3626
3404
3627
3405
3628
3406
3629
3407
3630
3408
3631
3409
3632
3410
3633
3411
3634
3412
3635
3413
3636
3414
3637
3415
3638
3416
3639
3417
3640
3418
3641
3419
3642
3420
3643
3421
3644
3422
3645
3423
3646
3424
3647
3425
3648
3426
3649
3427
3650
3428
3651
3429
3652
3430
3653
3431
3654
3432
3655
3433
3656
3434
3657
3435
3658
3436
3659
3437
3660
3438
3661
3439
3662
3440
3663
3441
3664
3442
3665
3443
3666
3444
3667
3445
3668
3446
3669
3447
3670
3448
3671
3449
3672
3450
3673
3451
3674
3452
3675
3453
3676
3454
3677
3455
3678
3456
3679
3457
3680
3458
3681
3682
3460
3683
3461
3684
3462
3685
3463
3686
3464
3687
3465
3688
3466
3689
3467
3690
3468
3691
3469
3692
3470
3693
3471
3694
3472
3695
3473
3696
3474
3697
3475
3698
3476
3699
3477
3700
3478
3701
3479
3702
3480
3703
3481
3704
3482
3705
3483
3706
3484
3707
3485
3708
3486
3709
3487
3710
3488
3711
3489
3712
3490
3713
3491
3714
3492
3715
3493
3716
3494
3717
3495
3718
3496
3719
3497
3720
3498
3721
3499
3722
3500
3723
3501
3724
3502
3725
3503
3726
3504
3727
3505
3728
3506
3729
3507
3730
3508
3731
3509
3732
3510
3733
3511
3734
3512
3735
3513
3736
3514
3737
3515
3738
3516
3739
3517
3740
3518
3741
3519
3742
3520
3743
3521
3744
3522
3745
3523
3746
3524
3747
3525
3748
3526
3749
3527
3750
3528
3751
3529
3752
3530
3753
3531
3754
3532
3755
3533
3756
3534
3757
3535
3758
3536
3759
3537
3760
3538
3761
3539
3762
3540
3763
3541
3764
3542
3765
3543
3766
3544
3767
3545
3768
3546
3769
3547
3770
3548
3771
3549
3772
3550
3773
3551
3774
3552
3775
3553
3776
3554
3777
3555
3778
3556
3779
3557
3780
3558
3781
3559
3782
3560
3783
3561
3784
3562
3785
3563
3786
3564
3787
3565
3788
3566
3789
3567
3790
3568
3791
3569
3792
3570
3793
3571
3794
3572
3795
3573
3796
3574
3797
3575
3798
3576
3799
3577
3800
3578
3801
3579
3802
3580
3803
3581
3804
3582
3805
3583
3806
3584
3807
3585
3808
3586
3809
3587
3810
3588
3811
3589
3812
3590
3813
3591
3814
3592
3815
3593
3816
3594
3817
3595
3818
3596
3819
3597
3820
3598
3821
3599
3822
3600
3823
3601
3824
3602
3825
3603
3826
3604
3827
3605
3828
3606
3829
3607
3830
3608
3831
3609
3832
3610
3833
3611
3834
3612
3835
3613
3836
3614
3837
3615
3838
3616
3839
3617
3840
3618
3841
3619
3842
3620
3843
3621
3844
3622
3845
3623
3846
3624
3847
3625
3848
3626
3849
3627
3850
3628
3851
3629
3852
3630
3853
3631
3854
3632
3855
3633
3856
3634
3857
3635
3858
3636
3859
3637
3860
3638
3861
3639
3862
3640
3863
3641
3864
3642
3865
3643
3866
3644
3867
3645
3868
3646
3869
3647
3870
3648
3871
3649
3872
3650
3873
3651
3874
3652
3875
3653
3876
3654
3877
3655
3878
3656
3879
3657
3880
3658
3881
3659
3882
3660
3883
3661
3884
3662
3885
3663
3886
3664
3887
3665
3888
3666
3889
3667
3890
3668
3891
3669
3892
3670
3893
3671
3894
3672
3895
3673
3896
3674
3897
3675
3898
3676
3899
3677
3900
3678
3901
3679
3902
3680
3903
3681
3904
3682
3905
3906
3684
3907
3685
3908
3686
3909
3687
3910
3688
3911
3689
3912
3690
3913
3691
3914
3692
3915
3693
3916
3694
3917
3695
3918
3696
3919
3697
3920
3698
3921
3699
3922
3700
3923
3701
3924
3702
3925
3703
3926
3704
3927
3705
3928
3706
3929
3707
3930
3708
3931
3709
3932
3710
3933
3711
3934
3712
3935
3713
3936
3714
3937
3715
3938
3716
3939
3717
3940
3718
3941
3719
3942
3720
3943
3721
3944
3722
3945
3723
3946
3724
3947
3725
3948
3726
3949
3727
3950
3728
3951
3729
3952
3730
3953
3731
3954
3732
3955
3733
3956
3734
3957
3735
3958
3736
3959
3737
3960
3738
3961
3739
3962
3740
3963
3741
3964
3742
3965
3743
3966
3744
3967
3745
3968
3746
3969
3747
3970
3748
3971
3749
3972
3750
3973
3751
3974
3752
3975
3753
3976
3754
3977
3755
3978
3756
3979
3757
3980
3758
3981
3759
3982
3760
3983
3761
3984
3762
3985
3763
3986
3764
3987
3765
3988
3766
3989
3767
3990
3768
3991
3769
3992
3770
3993
3771
3994
3772
3995
3773
3996
3774
3997
3775
3998
3776
3999
3777
4000
3778
4001
3779
4002
3780
4003
3781
4004
3782
4005
3783
4006
3784
4007
3785
4008
3786
4009
3787
4010
3788
4011
3789
4012
3790
4013
3791
4014
3792
4015
3793
4016
3794
4017
3795
4018
3796
4019
3797
4020
3798
4021
3799
4022
3800
4023
3801
4024
3802
4025
3803
4026
3804
4027
3805
4028
3806
4029
3807
4030
3808
4031
3809
4032
3810
4033
3811
4034
3812
4035
3813
4036
3814
4037
3815
4038
3816
4039
3817
4040
3818
4041
3819
4042
3820
4043
3821
4044
3822
4045
3823
4046
3824
4047
3825
4048
3826
4049
3827
4050
3828
4051
3829
4052
3830
4053
3831
4054
3832
4055
3833
4056
3834
4057
3835
4058
3836
4059
3837
4060
3838
4061
3839
4062
3840
4063
3841
4064
3842
4065
3843
4066
3844
4067
3845
4068
3846
4069
3847
4070
3848
4071
3849
4072
3850
4073
3851
4074
3852
4075
3853
4076
3854
4077
3855
4078
3856
4079
3857
4080
3858
4081
3859
4082
3860
4083
3861
4084
3862
4085
3863
4086
3864
4087
3865
4088
3866
4089
3867
4090
3868
4091
3869
4092
3870
4093
3871
4094
3872
4095
3873
4096
3874
4097
3875
4098
3876
4099
3877
4100
3878
4101
3879
4102
3880
4103
3881
4104
3882
4105
3883
4106
3884
4107
3885
4108
3886
4109
3887
4110
3888
4111
3889
4112
3890
4113
3891
4114
3892
4115
3893
4116
3894
4117
3895
4118
3896
4119
3897
4120
3898
4121
3899
4122
3900
4123
3901
4124
3902
4125
3903
4126
3904
4127
3905
4128
3906
4129
4130
3908
4131
3909
4132
3910
4133
3911
4134
3912
4135
3913
4136
3914
4137
3915
4138
3916
4139
3917
4140
3918
4141
3919
4142
3920
4143
3921
4144
3922
4145
3923
4146
3924
4147
3925
4148
3926
4149
3927
4150
3928
4151
3929
4152
3930
4153
3931
4154
3932
4155
3933
4156
3934
4157
3935
4158
3936
4159
3937
4160
3938
4161
3939
4162
3940
4163
3941
4164
3942
4165
3943
4166
3944
4167
3945
4168
3946
4169
3947
4170
3948
4171
3949
4172
3950
4173
3951
4174
3952
4175
3953
4176
3954
4177
3955
4178
3956
4179
3957
4180
3958
4181
3959
4182
3960
4183
3961
4184
3962
4185
3963
4186
3964
4187
3965
4188
3966
4189
3967
4190
3968
4191
3969
4192
3970
4193
3971
4194
3972
4195
3973
4196
3974
4197
3975
4198
3976
4199
3977
4200
3978
4201
3979
4202
3980
4203
3981
4204
3982
4205
3983
4206
3984
4207
3985
4208
3986
4209
3987
4210
3988
4211
3989
4212
3990
4213
3991
4214
3992
4215
3993
4216
3994
4217
3995
4218
3996
4219
3997
4220
3998
4221
3999
4222
4000
4223
4001
4224
4002
4225
4003
4226
4004
4227
4005
4228
4006
4229
4007
4230
4008
4231
4009
4232
4010
4233
4011
4234
4012
4235
4013
4236
4014
4237
4015
4238
4016
4239
4017
4240
4018
4241
4019
4242
4020
4243
4021
4244
4022
4245
4023
4246
4024
4247
4025
4248
4026
4249
4027
4250
4028
4251
4029
4252
4030
4253
4031
4254
4032
4255
4033
4256
4034
4257
4035
4258
4036
4259
4037
4260
4038
4261
4039
4262
4040
4263
4041
4264
4042
4265
4043
4266
4044
4267
4045
4268
4046
4269
4047
4270
4048
4271
4049
4272
4050
4273
4051
4274
4052
4275
4053
4276
4054
4277
4055
4278
4056
4279
4057
4280
4058
4281
4059
4282
4060
4283
4061
4284
4062
4285
4063
4286
4064
4287
4065
4288
4066
4289
4067
4290
4068
4291
4069
4292
4070
4293
4071
4294
4072
4295
4073
4296
4074
4297
4075
4298
4076
4299
4077
4300
4078
4301
4079
4302
4080
4303
4081
4304
4082
4305
4083
4306
4084
4307
4085
4308
4086
4309
4087
4310
4088
4311
4089
4312
4090
4313
4091
4314
4092
4315
4093
4316
4094
4317
4095
4318
4096
4319
4097
4320
4098
4321
4099
4322
4100
4323
4101
4324
4102
4325
4103
4326
4104
4327
4105
4328
4106
4329
4107
4330
4108
4331
4109
4332
4110
4333
4111
4334
4112
4335
4113
4336
4114
4337
4115
4338
4116
4339
4117
4340
4118
4341
4119
4342
4120
4343
4121
4344
4122
4345
4123
4346
4124
4347
4125
4348
4126
4349
4127
4350
4128
4351
4129
4352
4130
4353
4354
4132
4355
4133
4356
4134
4357
4135
4358
4136
4359
4137
4360
4138
4361
4139
4362
4140
4363
4141
4364
4142
4365
4143
4366
4144
4367
4145
4368
4146
4369
4147
4370
4148
4371
4149
4372
4150
4373
4151
4374
4152
4375
4153
4376
4154
4377
4155
4378
4156
4379
4157
4380
4158
4381
4159
4382
4160
4383
4161
4384
4162
4385
4163
4386
4164
4387
4165
4388
4166
4389
4167
4390
4168
4391
4169
4392
4170
4393
4171
4394
4172
4395
4173
4396
4174
4397
4175
4398
4176
4399
4177
4400
4178
4401
4179
4402
4180
4403
4181
4404
4182
4405
4183
4406
4184
4407
4185
4408
4186
4409
4187
4410
4188
4411
4189
4412
4190
4413
4191
4414
4192
4415
4193
4416
4194
4417
4195
4418
4196
4419
4197
4420
4198
4421
4199
4422
4200
4423
4201
4424
4202
4425
4203
4426
4204
4427
4205
4428
4206
4429
4207
4430
4208
4431
4209
4432
4210
4433
4211
4434
4212
4435
4213
4436
4214
4437
4215
4438
4216
4439
4217
4440
4218
4441
4219
4442
4220
4443
4221
4444
4222
4445
4223
4446
4224
4447
4225
4448
4226
4449
4227
4450
4228
4451
4229
4452
4230
4453
4231
4454
4232
4455
4233
4456
4234
4457
4235
4458
4236
4459
4237
4460
4238
4461
4239
4462
4240
4463
4241
4464
4242
4465
4243
4466
4244
4467
4245
4468
4246
4469
4247
4470
4248
4471
4249
4472
4250
4473
4251
4474
4252
4475
4253
4476
4254
4477
4255
4478
4256
4479
4257
4480
4258
4481
4259
4482
4260
4483
4261
4484
4262
4485
4263
4486
4264
4487
4265
4488
4266
4489
4267
4490
4268
4491
4269
4492
4270
4493
4271
4494
4272
4495
4273
4496
4274
4497
4275
4498
4276
4499
4277
4500
4278
4501
4279
4502
4280
4503
4281
4504
4282
4505
4283
4506
4284
4507
4285
4508
4286
4509
4287
4510
4288
4511
4289
4512
4290
4513
4291
4514
4292
4515
4293
4516
4294
4517
4295
4518
4296
4519
4297
4520
4298
4521
4299
4522
4300
4523
4301
4524
4302
4525
4303
4526
4304
4527
4305
4528
4306
4529
4307
4530
4308
4531
4309
4532
4310
4533
4311
4534
4312
4535
4313
4536
4314
4537
4315
4538
4316
4539
4317
4540
4318
4541
4319
4542
4320
4543
4321
4544
4322
4545
4323
4546
4324
4547
4325
4548
4326
4549
4327
4550
4328
4551
4329
4552
4330
4553
4331
4554
4332
4555
4333
4556
4334
4557
4335
4558
4336
4559
4337
4560
4338
4561
4339
4562
4340
4563
4341
4564
4342
4565
4343
4566
4344
4567
4345
4568
4346
4569
4347
4570
4348
4571
4349
4572
4350
4573
4351
4574
4352
4575
4353
4576
4354
4577
4578
4356
4579
4357
4580
4358
4581
4359
4582
4360
4583
4361
4584
4362
4585
4363
4586
4364
4587
4365
4588
4366
4589
4367
4590
4368
4591
4369
4592
4370
4593
4371
4594
4372
4595
4373
4596
4374
4597
4375
4598
4376
4599
4377
4600
4378
4601
4379
4602
4380
4603
4381
4604
4382
4605
4383
4606
4384
4607
4385
4608
4386
4609
4387
4610
4388
4611
4389
4612
4390
4613
4391
4614
4392
4615
4393
4616
4394
4617
4395
4618
4396
4619
4397
4620
4398
4621
4399
4622
4400
4623
4401
4624
4402
4625
4403
4626
4404
4627
4405
4628
4406
4629
4407
4630
4408
4631
4409
4632
4410
4633
4411
4634
4412
4635
4413
4636
4414
4637
4415
4638
4416
4639
4417
4640
4418
4641
4419
4642
4420
4643
4421
4644
4422
4645
4423
4646
4424
4647
4425
4648
4426
4649
4427
4650
4428
4651
4429
4652
4430
4653
4431
4654
4432
4655
4433
4656
4434
4657
4435
4658
4436
4659
4437
4660
4438
4661
4439
4662
4440
4663
4441
4664
4442
4665
4443
4666
4444
4667
4445
4668
4446
4669
4447
4670
4448
4671
4449
4672
4450
4673
4451
4674
4452
4675
4453
4676
4454
4677
4455
4678
4456
4679
4457
4680
4458
4681
4459
4682
4460
4683
4461
4684
4462
4685
4463
4686
4464
4687
4465
4688
4466
4689
4467
4690
4468
4691
4469
4692
4470
4693
4471
4694
4472
4695
4473
4696
4474
4697
4475
4698
4476
4699
4477
4700
4478
4701
4479
4702
4480
4703
4481
4704
4482
4705
4483
4706
4484
4707
4485
4708
4486
4709
4487
4710
4488
4711
4489
4712
4490
4713
4491
4714
4492
4715
4493
4716
4494
4717
4495
4718
4496
4719
4497
4720
4498
4721
4499
4722
4500
4723
4501
4724
4502
4725
4503
4726
4504
4727
4505
4728
4506
4729
4507
4730
4508
4731
4509
4732
4510
4733
4511
4734
4512
4735
4513
4736
4514
4737
4515
4738
4516
4739
4517
4740
4518
4741
4519
4742
4520
4743
4521
4744
4522
4745
4523
4746
4524
4747
4525
4748
4526
4749
4527
4750
4528
4751
4529
4752
4530
4753
4531
4754
4532
4755
4533
4756
4534
4757
4535
4758
4536
4759
4537
4760
4538
4761
4539
4762
4540
4763
4541
4764
4542
4765
4543
4766
4544
4767
4545
4768
4546
4769
4547
4770
4548
4771
4549
4772
4550
4773
4551
4774
4552
4775
4553
4776
4554
4777
4555
4778
4556
4779
4557
4780
4558
4781
4559
4782
4560
4783
4561
4784
4562
4785
4563
4786
4564
4787
4565
4788
4566
4789
4567
4790
4568
4791
4569
4792
4570
4793
4571
4794
4572
4795
4573
4796
4574
4797
4575
4798
4576
4799
4577
4800
4578
4801
4802
4580
4803
4581
4804
4582
4805
4583
4806
4584
4807
4585
4808
4586
4809
4587
4810
4588
4811
4589
4812
4590
4813
4591
4814
4592
4815
4593
4816
4594
4817
4595
4818
4596
4819
4597
4820
4598
4821
4599
4822
4600
4823
4601
4824
4602
4825
4603
4826
4604
4827
4605
4828
4606
4829
4607
4830
4608
4831
4609
4832
4610
4833
4611
4834
4612
4835
4613
4836
4614
4837
4615
4838
4616
4839
4617
4840
4618
4841
4619
4842
4620
4843
4621
4844
4622
4845
4623
4846
4624
4847
4625
4848
4626
4849
4627
4850
4628
4851
4629
4852
4630
4853
4631
4854
4632
4855
4633
4856
4634
4857
4635
4858
4636
4859
4637
4860
4638
4861
4639
4862
4640
4863
4641
4864
4642
4865
4643
4866
4644
4867
4645
4868
4646
4869
4647
4870
4648
4871
4649
4872
4650
4873
4651
4874
4652
4875
4653
4876
4654
4877
4655
4878
4656
4879
4657
4880
4658
4881
4659
4882
4660
4883
4661
4884
4662
4885
4663
4886
4664
4887
4665
4888
4666
4889
4667
4890
4668
4891
4669
4892
4670
4893
4671
4894
4672
4895
4673
4896
4674
4897
4675
4898
4676
4899
4677
4900
4678
4901
4679
4902
4680
4903
4681
4904
4682
4905
4683
4906
4684
4907
4685
4908
4686
4909
4687
4910
4688
4911
4689
4912
4690
4913
4691
4914
4692
4915
4693
4916
4694
4917
4695
4918
4696
4919
4697
4920
4698
4921
4699
4922
4700
4923
4701
4924
4702
4925
4703
4926
4704
4927
4705
4928
4706
4929
4707
4930
4708
4931
4709
4932
4710
4933
4711
4934
4712
4935
4713
4936
4714
4937
4715
4938
4716
4939
4717
4940
4718
4941
4719
4942
4720
4943
4721
4944
4722
4945
4723
4946
4724
4947
4725
4948
4726
4949
4727
4950
4728
4951
4729
4952
4730
4953
4731
4954
4732
4955
4733
4956
4734
4957
4735
4958
4736
4959
4737
4960
4738
4961
4739
4962
4740
4963
4741
4964
4742
4965
4743
4966
4744
4967
4745
4968
4746
4969
4747
4970
4748
4971
4749
4972
4750
4973
4751
4974
4752
4975
4753
4976
4754
4977
4755
4978
4756
4979
4757
4980
4758
4981
4759
4982
4760
4983
4761
4984
4762
4985
4763
4986
4764
4987
4765
4988
4766
4989
4767
4990
4768
4991
4769
4992
4770
4993
4771
4994
4772
4995
4773
4996
4774
4997
4775
4998
4776
4999
4777
5000
4778
5001
4779
5002
4780
5003
4781
5004
4782
5005
4783
5006
4784
5007
4785
5008
4786
5009
4787
5010
4788
5011
4789
5012
4790
5013
4791
5014
4792
5015
4793
5016
4794
5017
4795
5018
4796
5019
4797
5020
4798
5021
4799
5022
4800
5023
4801
5024
4802
5025
5026
4804
5027
4805
5028
4806
5029
4807
5030
4808
5031
4809
5032
4810
5033
4811
5034
4812
5035
4813
5036
4814
5037
4815
5038
4816
5039
4817
5040
4818
5041
4819
5042
4820
5043
4821
5044
4822
5045
4823
5046
4824
5047
4825
5048
4826
5049
4827
5050
4828
5051
4829
5052
4830
5053
4831
5054
4832
5055
4833
5056
4834
5057
4835
5058
4836
5059
4837
5060
4838
5061
4839
5062
4840
5063
4841
5064
4842
5065
4843
5066
4844
5067
4845
5068
4846
5069
4847
5070
4848
5071
4849
5072
4850
5073
4851
5074
4852
5075
4853
5076
4854
5077
4855
5078
4856
5079
4857
5080
4858
5081
4859
5082
4860
5083
4861
5084
4862
5085
4863
5086
4864
5087
4865
5088
4866
5089
4867
5090
4868
5091
4869
5092
4870
5093
4871
5094
4872
5095
4873
5096
4874
5097
4875
5098
4876
5099
4877
5100
4878
5101
4879
5102
4880
5103
4881
5104
4882
5105
4883
5106
4884
5107
4885
5108
4886
5109
4887
5110
4888
5111
4889
5112
4890
5113
4891
5114
4892
5115
4893
5116
4894
5117
4895
5118
4896
5119
4897
5120
4898
5121
4899
5122
4900
5123
4901
5124
4902
5125
4903
5126
4904
5127
4905
5128
4906
5129
4907
5130
4908
5131
4909
5132
4910
5133
4911
5134
4912
5135
4913
5136
4914
5137
4915
5138
4916
5139
4917
5140
4918
5141
4919
5142
4920
5143
4921
5144
4922
5145
4923
5146
4924
5147
4925
5148
4926
5149
4927
5150
4928
5151
4929
5152
4930
5153
4931
5154
4932
5155
4933
5156
4934
5157
4935
5158
4936
5159
4937
5160
4938
5161
4939
5162
4940
5163
4941
5164
4942
5165
4943
5166
4944
5167
4945
5168
4946
5169
4947
5170
4948
5171
4949
5172
4950
5173
4951
5174
4952
5175
4953
5176
4954
5177
4955
5178
4956
5179
4957
5180
4958
5181
4959
5182
4960
5183
4961
5184
4962
5185
4963
5186
4964
5187
4965
5188
4966
5189
4967
5190
4968
5191
4969
5192
4970
5193
4971
5194
4972
5195
4973
5196
4974
5197
4975
5198
4976
5199
4977
5200
4978
5201
4979
5202
4980
5203
4981
5204
4982
5205
4983
5206
4984
5207
4985
5208
4986
5209
4987
5210
4988
5211
4989
5212
4990
5213
4991
5214
4992
5215
4993
5216
4994
5217
4995
5218
4996
5219
4997
5220
4998
5221
4999
5222
5000
5223
5001
5224
5002
5225
5003
5226
5004
5227
5005
5228
5006
5229
5007
5230
5008
5231
5009
5232
5010
5233
5011
5234
5012
5235
5013
5236
5014
5237
5015
5238
5016
5239
5017
5240
5018
5241
5019
5242
5020
5243
5021
5244
5022
5245
5023
5246
5024
5247
5025
5248
5026
5249
5250
5028
5251
5029
5252
5030
5253
5031
5254
5032
5255
5033
5256
5034
5257
5035
5258
5036
5259
5037
5260
5038
5261
5039
5262
5040
5263
5041
5264
5042
5265
5043
5266
5044
5267
5045
5268
5046
5269
5047
5270
5048
5271
5049
5272
5050
5273
5051
5274
5052
5275
5053
5276
5054
5277
5055
5278
5056
5279
5057
5280
5058
5281
5059
5282
5060
5283
5061
5284
5062
5285
5063
5286
5064
5287
5065
5288
5066
5289
5067
5290
5068
5291
5069
5292
5070
5293
5071
5294
5072
5295
5073
5296
5074
5297
5075
5298
5076
5299
5077
5300
5078
5301
5079
5302
5080
5303
5081
5304
5082
5305
5083
5306
5084
5307
5085
5308
5086
5309
5087
5310
5088
5311
5089
5312
5090
5313
5091
5314
5092
5315
5093
5316
5094
5317
5095
5318
5096
5319
5097
5320
5098
5321
5099
5322
5100
5323
5101
5324
5102
5325
5103
5326
5104
5327
5105
5328
5106
5329
5107
5330
5108
5331
5109
5332
5110
5333
5111
5334
5112
5335
5113
5336
5114
5337
5115
5338
5116
5339
5117
5340
5118
5341
5119
5342
5120
5343
5121
5344
5122
5345
5123
5346
5124
5347
5125
5348
5126
5349
5127
5350
5128
5351
5129
5352
5130
5353
5131
5354
5132
5355
5133
5356
5134
5357
5135
5358
5136
5359
5137
5360
5138
5361
5139
5362
5140
5363
5141
5364
5142
5365
5143
5366
5144
5367
5145
5368
5146
5369
5147
5370
5148
5371
5149
5372
5150
5373
5151
5374
5152
5375
5153
5376
5154
5377
5155
5378
5156
5379
5157
5380
5158
5381
5159
5382
5160
5383
5161
5384
5162
5385
5163
5386
5164
5387
5165
5388
5166
5389
5167
5390
5168
5391
5169
5392
5170
5393
5171
5394
5172
5395
5173
5396
5174
5397
5175
5398
5176
5399
5177
5400
5178
5401
5179
5402
5180
5403
5181
5404
5182
5405
5183
5406
5184
5407
5185
5408
5186
5409
5187
5410
5188
5411
5189
5412
5190
5413
5191
5414
5192
5415
5193
5416
5194
5417
5195
5418
5196
5419
5197
5420
5198
5421
5199
5422
5200
5423
5201
5424
5202
5425
5203
5426
5204
5427
5205
5428
5206
5429
5207
5430
5208
5431
5209
5432
5210
5433
5211
5434
5212
5435
5213
5436
5214
5437
5215
5438
5216
5439
5217
5440
5218
5441
5219
5442
5220
5443
5221
5444
5222
5445
5223
5446
5224
5447
5225
5448
5226
5449
5227
5450
5228
5451
5229
5452
5230
5453
5231
5454
5232
5455
5233
5456
5234
5457
5235
5458
5236
5459
5237
5460
5238
5461
5239
5462
5240
5463
5241
5464
5242
5465
5243
5466
5244
5467
5245
5468
5246
5469
5247
5470
5248
5471
5249
5472
5250
5473
5474
5252
5475
5253
5476
5254
5477
5255
5478
5256
5479
5257
5480
5258
5481
5259
5482
5260
5483
5261
5484
5262
5485
5263
5486
5264
5487
5265
5488
5266
5489
5267
5490
5268
5491
5269
5492
5270
5493
5271
5494
5272
5495
5273
5496
5274
5497
5275
5498
5276
5499
5277
5500
5278
5501
5279
5502
5280
5503
5281
5504
5282
5505
5283
5506
5284
5507
5285
5508
5286
5509
5287
5510
5288
5511
5289
5512
5290
5513
5291
5514
5292
5515
5293
5516
5294
5517
5295
5518
5296
5519
5297
5520
5298
5521
5299
5522
5300
5523
5301
5524
5302
5525
5303
5526
5304
5527
5305
5528
5306
5529
5307
5530
5308
5531
5309
5532
5310
5533
5311
5534
5312
5535
5313
5536
5314
5537
5315
5538
5316
5539
5317
5540
5318
5541
5319
5542
5320
5543
5321
5544
5322
5545
5323
5546
5324
5547
5325
5548
5326
5549
5327
5550
5328
5551
5329
5552
5330
5553
5331
5554
5332
5555
5333
5556
5334
5557
5335
5558
5336
5559
5337
5560
5338
5561
5339
5562
5340
5563
5341
5564
5342
5565
5343
5566
5344
5567
5345
5568
5346
5569
5347
5570
5348
5571
5349
5572
5350
5573
5351
5574
5352
5575
5353
5576
5354
5577
5355
5578
5356
5579
5357
5580
5358
5581
5359
5582
5360
5583
5361
5584
5362
5585
5363
5586
5364
5587
5365
5588
5366
5589
5367
5590
5368
5591
5369
5592
5370
5593
5371
5594
5372
5595
5373
5596
5374
5597
5375
5598
5376
5599
5377
5600
5378
5601
5379
5602
5380
5603
5381
5604
5382
5605
5383
5606
5384
5607
5385
5608
5386
5609
5387
5610
5388
5611
5389
5612
5390
5613
5391
5614
5392
5615
5393
5616
5394
5617
5395
5618
5396
5619
5397
5620
5398
5621
5399
5622
5400
5623
5401
5624
5402
5625
5403
5626
5404
5627
5405
5628
5406
5629
5407
5630
5408
5631
5409
5632
5410
5633
5411
5634
5412
5635
5413
5636
5414
5637
5415
5638
5416
5639
5417
5640
5418
5641
5419
5642
5420
5643
5421
5644
5422
5645
5423
5646
5424
5647
5425
5648
5426
5649
5427
5650
5428
5651
5429
5652
5430
5653
5431
5654
5432
5655
5433
5656
5434
5657
5435
5658
5436
5659
5437
5660
5438
5661
5439
5662
5440
5663
5441
5664
5442
5665
5443
5666
5444
5667
5445
5668
5446
5669
5447
5670
5448
5671
5449
5672
5450
5673
5451
5674
5452
5675
5453
5676
5454
5677
5455
5678
5456
5679
5457
5680
5458
5681
5459
5682
5460
5683
5461
5684
5462
5685
5463
5686
5464
5687
5465
5688
5466
5689
5467
5690
5468
5691
5469
5692
5470
5693
5471
5694
5472
5695
5473
5696
5474
5697
5698
5476
5699
5477
5700
5478
5701
5479
5702
5480
5703
5481
5704
5482
5705
5483
5706
5484
5707
5485
5708
5486
5709
5487
5710
5488
5711
5489
5712
5490
5713
5491
5714
5492
5715
5493
5716
5494
5717
5495
5718
5496
5719
5497
5720
5498
5721
5499
5722
5500
5723
5501
5724
5502
5725
5503
5726
5504
5727
5505
5728
5506
5729
5507
5730
5508
5731
5509
5732
5510
5733
5511
5734
5512
5735
5513
5736
5514
5737
5515
5738
5516
5739
5517
5740
5518
5741
5519
5742
5520
5743
5521
5744
5522
5745
5523
5746
5524
5747
5525
5748
5526
5749
5527
5750
5528
5751
5529
5752
5530
5753
5531
5754
5532
5755
5533
5756
5534
5757
5535
5758
5536
5759
5537
5760
5538
5761
5539
5762
5540
5763
5541
5764
5542
5765
5543
5766
5544
5767
5545
5768
5546
5769
5547
5770
5548
5771
5549
5772
5550
5773
5551
5774
5552
5775
5553
5776
5554
5777
5555
5778
5556
5779
5557
5780
5558
5781
5559
5782
5560
5783
5561
5784
5562
5785
5563
5786
5564
5787
5565
5788
5566
5789
5567
5790
5568
5791
5569
5792
5570
5793
5571
5794
5572
5795
5573
5796
5574
5797
5575
5798
5576
5799
5577
5800
5578
5801
5579
5802
5580
5803
5581
5804
5582
5805
5583
5806
5584
5807
5585
5808
5586
5809
5587
5810
5588
5811
5589
5812
5590
5813
5591
5814
5592
5815
5593
5816
5594
5817
5595
5818
5596
5819
5597
5820
5598
5821
5599
5822
5600
5823
5601
5824
5602
5825
5603
5826
5604
5827
5605
5828
5606
5829
5607
5830
5608
5831
5609
5832
5610
5833
5611
5834
5612
5835
5613
5836
5614
5837
5615
5838
5616
5839
5617
5840
5618
5841
5619
5842
5620
5843
5621
5844
5622
5845
5623
5846
5624
5847
5625
5848
5626
5849
5627
5850
5628
5851
5629
5852
5630
5853
5631
5854
5632
5855
5633
5856
5634
5857
5635
5858
5636
5859
5637
5860
5638
5861
5639
5862
5640
5863
5641
5864
5642
5865
5643
5866
5644
5867
5645
5868
5646
5869
5647
5870
5648
5871
5649
5872
5650
5873
5651
5874
5652
5875
5653
5876
5654
5877
5655
5878
5656
5879
5657
5880
5658
5881
5659
5882
5660
5883
5661
5884
5662
5885
5663
5886
5664
5887
5665
5888
5666
5889
5667
5890
5668
5891
5669
5892
5670
5893
5671
5894
5672
5895
5673
5896
5674
5897
5675
5898
5676
5899
5677
5900
5678
5901
5679
5902
5680
5903
5681
5904
5682
5905
5683
5906
5684
5907
5685
5908
5686
5909
5687
5910
5688
5911
5689
5912
5690
5913
5691
5914
5692
5915
5693
5916
5694
5917
5695
5918
5696
5919
5697
5920
5698
5921
5922
5700
5923
5701
5924
5702
5925
5703
5926
5704
5927
5705
5928
5706
5929
5707
5930
5708
5931
5709
5932
5710
5933
5711
5934
5712
5935
5713
5936
5714
5937
5715
5938
5716
5939
5717
5940
5718
5941
5719
5942
5720
5943
5721
5944
5722
5945
5723
5946
5724
5947
5725
5948
5726
5949
5727
5950
5728
5951
5729
5952
5730
5953
5731
5954
5732
5955
5733
5956
5734
5957
5735
5958
5736
5959
5737
5960
5738
5961
5739
5962
5740
5963
5741
5964
5742
5965
5743
5966
5744
5967
5745
5968
5746
5969
5747
5970
5748
5971
5749
5972
5750
5973
5751
5974
5752
5975
5753
5976
5754
5977
5755
5978
5756
5979
5757
5980
5758
5981
5759
5982
5760
5983
5761
5984
5762
5985
5763
5986
5764
5987
5765
5988
5766
5989
5767
5990
5768
5991
5769
5992
5770
5993
5771
5994
5772
5995
5773
5996
5774
5997
5775
5998
5776
5999
5777
6000
5778
6001
5779
6002
5780
6003
5781
6004
5782
6005
5783
6006
5784
6007
5785
6008
5786
6009
5787
6010
5788
6011
5789
6012
5790
6013
5791
6014
5792
6015
5793
6016
5794
6017
5795
6018
5796
6019
5797
6020
5798
6021
5799
6022
5800
6023
5801
6024
5802
6025
5803
6026
5804
6027
5805
6028
5806
6029
5807
6030
5808
6031
5809
6032
5810
6033
5811
6034
5812
6035
5813
6036
5814
6037
5815
6038
5816
6039
5817
6040
5818
6041
5819
6042
5820
6043
5821
6044
5822
6045
5823
6046
5824
6047
5825
6048
5826
6049
5827
6050
5828
6051
5829
6052
5830
6053
5831
6054
5832
6055
5833
6056
5834
6057
5835
6058
5836
6059
5837
6060
5838
6061
5839
6062
5840
6063
5841
6064
5842
6065
5843
6066
5844
6067
5845
6068
5846
6069
5847
6070
5848
6071
5849
6072
5850
6073
5851
6074
5852
6075
5853
6076
5854
6077
5855
6078
5856
6079
5857
6080
5858
6081
5859
6082
5860
6083
5861
6084
5862
6085
5863
6086
5864
6087
5865
6088
5866
6089
5867
6090
5868
6091
5869
6092
5870
6093
5871
6094
5872
6095
5873
6096
5874
6097
5875
6098
5876
6099
5877
6100
5878
6101
5879
6102
5880
6103
5881
6104
5882
6105
5883
6106
5884
6107
5885
6108
5886
6109
5887
6110
5888
6111
5889
6112
5890
6113
5891
6114
5892
6115
5893
6116
5894
6117
5895
6118
5896
6119
5897
6120
5898
6121
5899
6122
5900
6123
5901
6124
5902
6125
5903
6126
5904
6127
5905
6128
5906
6129
5907
6130
5908
6131
5909
6132
5910
6133
5911
6134
5912
6135
5913
6136
5914
6137
5915
6138
5916
6139
5917
6140
5918
6141
5919
6142
5920
6143
5921
6144
5922
6145
6146
5924
5925
5926
5927
5928
5929
5930
5931
5932
5933
5934
5935
5936
5937
5938
5939
5940
5941
5942
5943
5944
5945
5946
5947
5948
5949
5950
5951
5952
5953
5954
5955
5956
5957
5958
5959
5960
5961
5962
5963
5964
5965
5966
5967
5968
5969
5970
5971
5972
5973
5974
5975
5976
5977
5978
5979
5980
5981
5982
5983
5984
5985
5986
5987
5988
5989
5990
5991
5992
5993
5994
5995
5996
5997
5998
5999
6000
6001
6002
6003
6004
6005
6006
6007
6008
6009
6010
6011
6012
6013
6014
6015
6016
6017
6018
6019
6020
6021
6022
6023
6024
6025
6026
6027
6028
6029
6030
6031
6032
6033
6034
6035
6036
6037
6038
6039
6040
6041
6042
6043
6044
6045
6046
6047
6048
6049
6050
6051
6052
6053
6054
6055
6056
6057
6058
6059
6060
6061
6062
6063
6064
6065
6066
6067
6068
6069
6070
6071
6072
6073
6074
6075
6076
6077
6078
6079
6080
6081
6082
6083
6084
6085
6086
6087
6088
6089
6090
6091
6092
6093
6094
6095
6096
6097
6098
6099
6100
6101
6102
6103
6104
6105
6106
6107
6108
6109
6110
6111
6112
6113
6114
6115
6116
6117
6118
6119
6120
6121
6122
6123
6124
6125
6126
6127
6128
6129
6130
6131
6132
6133
6134
6135
6136
6137
6138
6139
6140
6141
6142
6143
6144
6145
6146
)


// ************************************************************************* //
